20	102.37076400000001
20.290906698750476	102.37040812295228
20.586044732869844	102.33698220235458
20.885475648548283	102.2978699989311
21.189261887185914	102.27339197017965
21.49746679841394	102.28142074242352
21.810154653305165	102.31107510605338
22.12739065777668	102.36540387055808
22.449240966187475	102.42331350428674
22.77577269513385	102.4679886835678
23.107053937445478	102.48944798884683
23.44315377638505	102.48545786280975
23.784142300054445	102.45986566538893
24.130090616010463	102.42332125325551
24.481070866093134	102.38157691805753
24.837156241469714	102.34106509833961
25.1984209978975	102.3070723862026
25.56494047120865	102.28114296521865
25.936791093020236	102.2654725274972
26.3140504066728	102.2599906946757
26.69679708340074	102.2637812781699
27.08511093873791	102.27122731860698
27.47907294916184	102.27741613142727
27.878765268980047	102.2767723951476
28.284271247461966	102.2635150304496
28.695675446220072	102.23868819872902
29.11306365684382	102.20424070523896
29.536522918790062	102.16641991268035
29.966141537533712	102.13715257389705
30.402009102982383	102.12172268563725
30.844216508158908	102.11775717833709
31.29285596815558	102.11358882187622
31.74802103936409	102.10014402130443
32.20980663898519	102.0755088977208
32.67830906482211	102.04128192154104
33.153626015361866	102.00270883857655
33.63585661014871	101.96535066918855
34.125101410453844	101.93320163774266
34.62146244024586	101.90634443925563
35.12504320746613	101.8799079443648
35.635948725613716	101.8474479259844
36.15428553564419	101.80627269008049
36.68016172818701	101.75921976057707
37.21368696608603	101.71135268647187
37.754972507267915	101.66656529910756
38.30413122794313	101.62454111329315
38.86127764614443	101.58487111730717
39.4265279456077	101.5437526394375
40.000000000000206	101.49627499999998
40.58181339750116	101.44240568764998
41.1720894657399	101.38821856824889
41.77095129709678	101.33771890167827
42.37852377437204	101.29055431358714
42.9949335968281	101.24244174098129
43.62030930661056	101.18984747208835
44.25478131555359	101.13138200539541
44.89848193237519	101.07050124857186
45.55154539026795	101.010788319114
46.21410787489121	100.95394129006186
46.88630755277036	100.89805787182847
47.56828460010916	100.84059328435484
48.260181232021196	100.78151797506874
48.962141732186545	100.72209329611458
49.674312482939705	100.66168466894909
50.39684199579528	100.60115532201398
51.129880942417586	100.54172968629896
51.873582186040764	100.4823915067839
52.628100813345895	100.42186048646026
53.393594166801776	100.360300991102
54.17022187747612	100.29563343356804
54.95814589832399	100.23013988974292
55.75753053796041	100.17060435249694
56.56854249492426	100.10549660358366
57.39135089244048	100.03736377038844
58.226127313687975	99.97085891765124
59.073045837580466	99.90638168429346
59.932283075067765	99.82750714284109
60.804018205965114	99.76424181900273
61.68843301631817	99.70451249952626
62.58571193631152	99.63702088062031
63.49604207872855	99.58226446355688
64.41961327797075	99.52812326258343
65.35661812964459	99.46479912880024
66.3072520307241	99.399220149785
67.27171322029778	99.33110972469242
68.25020282090806	99.26432288266767
69.2429248804921	99.20320730652855
70.25008641493265	99.13569049450624
71.27189745122783	99.06728488203613
72.30857107128878	98.99538200316232
73.36032345637442	98.92320681148196
74.42737393217246	98.8571566688645
75.50994501453623	98.78546297194521
76.60826245588666	98.7119196661724
77.72255529228926	98.6386154138748
78.85305589121582	98.55541581236756
80.00000000000082	98.47462199999994
81.16362679500274	98.40055309056983
82.34417893148023	98.3346541965196
83.541902594194	98.25120660291381
84.75704754874454	98.16592119060529
85.98986719365665	98.08421920097197
87.24061861322157	98.01021954668458
88.50956263110764	97.9311798572702
89.79696386475084	97.85159528780883
91.10309078053635	97.76504572771898
92.42821574978288	97.69884803782084
93.77261510554118	97.61706104685182
95.13656920021877	97.54308146587928
96.52036246404286	97.46937934013832
97.92428346437356	97.39575230762067
99.34862496587989	97.32337446319227
100.79368399159105	97.25284708254935
102.25976188483567	97.18416932531741
103.74716437208203	97.11619911003551
105.25620162669229	97.04384020275228
106.78718833360406	96.96926669340337
108.34044375495276	96.89813101865391
109.9162917966485	96.82537811817112
111.51506107592134	96.74909533460838
113.13708498984903	96.67299234751584
114.78270178488147	96.59608523846441
116.45225462737648	96.52236980688015
118.14609167516147	96.44585592354039
119.86456615013608	96.3644081021951
121.60803641193078	96.29889615563238
123.3768660326369	96.22301788926957
125.17142387262359	96.14561661332844
126.99208415745765	96.07441010823496
128.83922655594208	96.000997334404
130.71323625928977	95.92381597705597
132.61450406144883	95.85162164767412
134.5434264405962	95.78147649417524
136.50040564181674	95.7094600733488
138.48584976098482	95.63980949285244
140.50017282986593	95.57148696374409
142.5437949024563	95.5001114192368
144.61714214257822	95.43276985985851
146.7206469127495	95.36751360144785
148.8547478643456	95.30405884272704
151.01989002907314	95.24167123869928
153.216524911774	95.17823173721644
155.4451105845792	95.11049460351771
157.70611178243232	95.03559760573795
160.00000000000236	94.96484399999994
162.3272535900062	94.89674390544924
164.6883578629612	94.82260079158003
167.08380518838874	94.76028845126808
169.51409509748981	94.68869632655198
171.97973438731407	94.61889817047631
174.4812372264439	94.53720028094764
177.01912526221608	94.46533664300341
179.5939277295025	94.38561016728904
182.20618156107355	94.3127659953431
184.85643149956664	94.23038991697788
187.54523021108326	94.15422431228255
190.27313840043846	94.08037762689635
193.04072492808663	94.01752890223979
195.84856692874806	93.97266464278928
198.69724993176072	93.9508658326127
201.58736798318304	93.93309739922034
204.5195237696723	93.90715051058892
207.49432874416505	93.876624578999
210.5124032533856	93.82379919080476
213.57437666720915	93.7636846499102
216.68088750990657	93.71256659034262
219.83258359329807	93.65595341750087
223.03012215184378	93.59684036678709
226.2741699796992	93.5383348402759
229.5654035697641	93.48256824143847
232.90450925475412	93.42304164243292
236.2921833503241	93.36969698410107
239.72913230027333	93.31007021600563
243.21607282386276	93.26594769482169
246.75373206527502	93.21546618186154
250.34284774524843	93.16439969971768
253.9841683149166	93.114691122291
257.67845311188546	93.060400819642
261.42647251858085	93.01703109955359
265.22900812289896	92.96442717022484
269.08685288119375	92.92204993978433
273.0008112836349	92.8735215616678
276.97169952197106	92.83278392318341
281.00034565973334	92.78498674595927
285.0875898049141	92.74652195491863
289.23428428515797	92.7080779503923
293.44129382550057	92.67078784101012
297.7094957286928	92.63370133120667
302.0397800581479	92.59802317301713
306.4330498235497	92.56459003900076
310.89022116916016	92.53273448458837
315.41222356486645	92.5010500767959
320.00000000000654	92.46276599999996
324.6545071800142	92.43315402532075
329.3767157259242	92.39743736028457
334.16761037677935	92.36270805013379
339.02819019498156	92.32623804532831
343.95946877463007	92.2912086889466
348.9624744528898	92.25434978825005
354.03825052443415	92.21831343977613
359.187855459007	92.18685927708094
364.4123631221491	92.1482734757927
369.71286299913527	92.11354752444134
375.0904604221685	92.0776630869357
380.54627680087896	92.04075760674309
386.08144985617537	92.00749811040549
391.6971338574982	91.97192655091048
397.3944998635236	91.9374900416484
403.1747359663683	91.90390119269246
409.0390475393468	91.86991096298064
414.9886574883323	91.83924969263033
421.0248065067734	91.80894071489399
427.1487533344206	91.77760557384363
433.3617750198154	91.74631107816067
439.6651671865984	91.71580645086958
446.06024430368984	91.68941719717955
452.54833995940066	91.6636448688978
459.13080713953053	91.64032641849293
465.8090185095106	91.6195024696651
472.58436670065066	91.59795116185414
479.45826460054917	91.57608142814287
486.432145647728	91.55545628770754
493.50746413055253	91.53634237351895
500.6856954904994	91.52345024650877
507.9683366298358	91.50542935100947
515.3569062237735	91.48673289473918
522.8529450371643	91.47199789695193
530.4580162458005	91.45719444825879
538.1737057623901	91.44045958963673
546.0016225672724	91.4242226751641
553.9433990439449	91.41192545766171
562.0006913194694	91.39874446402385
570.1751796098309	91.3854019068972
578.4685685703187	91.37602374266068
586.8825876510039	91.36502941353928
595.4189914573883	91.34913114604863
604.0795601162986	91.33542208145622
612.8660996471021	91.3276521828404
621.780442338323	91.32019714245521
630.8244471297356	91.30853265356879
640.0000000000159	91.29718799999998
649.3090143600314	91.28631041672031
658.7534314518515	91.27666115889049
668.3352207535618	91.26890886303299
678.0563803899662	91.2602017413173
687.9189375492632	91.25435000124972
697.9249489057827	91.25052015530633
708.0765010488715	91.24826165715061
718.3757109180171	91.24162678037787
728.8247262443015	91.23676991795159
739.425725998274	91.23392951107303
750.1809208443404	91.23756318173284
761.0925536017613	91.23811694709528
772.1628997123541	91.23735622211514
783.3942677149998	91.24342605507336
794.7889997270506	91.25308288275062
806.34947193274	91.26543479369559
818.0780950786972	91.28033417985968
829.9773149766683	91.29754896599894
842.0496130135506	91.31705417155369
854.2975066688449	91.3407748857509
866.7235500396347	91.37068360774225
879.3303343732008	91.40403241254883
892.1204886073838	91.44812005056532
905.0966799188055	91.48968398733332
918.2616142790653	91.53461955510642
931.6180370190256	91.59217579648106
945.1687334013056	91.65411177576634
958.9165292011028	91.72522243611982
972.8642912954606	91.80580916147203
987.0149282611097	91.89128802440865
1001.3713909810035	91.9895614227673
1015.9366732596762	92.09425487908237
1030.7138124475518	92.20961951829655
1045.7058900743334	92.33470631671476
1060.916032491606	92.46663452944864
1076.3474115247852	92.6085166750365
1092.0032451345498	92.75365744240553
1107.8867980878947	92.91013212702182
1124.0013826389438	93.06664856814179
1140.350359219667	93.22985037059784
1156.9371371406426	93.39733881448652
1173.765175302013	93.56826465861589
1190.837982914782	93.74070876854357
1208.1591202326028	93.91707738335259
1225.73219929421	94.08992635427211
1243.5608846766518	94.26213496357167
1261.648894259477	94.43453282576915
1280.0000000000375	94.60566500000033
1298.6180287200684	94.77117342394095
1317.5068629037087	94.93694714480388
1336.6704415071292	95.09362844255601
1356.112760779938	95.2448506882628
1375.8378750985323	95.3955127976263
1395.8498978115715	95.53656970768085
1416.153002097749	95.67181189034619
1436.7514218360407	95.80564404923716
1457.6494524886093	95.93307996095393
1478.8514519965543	96.05425404338872
1500.3618416886875	96.17155486350667
1522.1851072035295	96.29114461266677
1544.3257994247153	96.40120689371888
1566.788535430007	96.51392015686766
1589.5779994541087	96.6254398116995
1612.6989438654878	96.7335554771985
1636.156190157402	96.844012863061
1659.9546299533442	96.95600327434389
1684.099226027109	97.0668274854863
1708.5950133376978	97.1816106191741
1733.4471000792773	97.2947186261377
1758.6606687464096	97.40922617988325
1784.2409772147755	97.52636071999751
1810.193359837619	97.64369624871506
1836.5232285581387	97.76224374966671
1863.2360740380593	97.88232224617701
1890.3374668026197	98.00275298399403
1917.833058402214	98.12357632360109
1945.7285825909298	98.24474831522008
1974.0298565222283	98.36412657051474
2002.7427819620161	98.48127909589154
2031.8733465193618	98.60115964627234
2061.4276248951132	98.72021729410908
2091.411780148677	98.83891043541213
2121.832064983222	98.95501368668825
2152.694823049581	99.06960360752363
2184.0064902691106	99.18127390990122
2215.7735961758003	99.2894731743545
2248.002765277899	99.39388934717229
2280.7007184393456	99.49431887653837
2313.874274281297	99.58826622094796
2347.530350604038	99.6805026633322
2381.6759658295764	99.76443504448977
2416.318240465218	99.84337569366878
2451.4643985884327	99.9164082336056
2487.1217693533167	99.98382741371428
2523.2977885189675	100.04433087929074
2560.0000000000887	100.09900500000013
2597.236057440151	100.14872503514283
2635.0137258074315	100.1942692383145
2673.340883014273	100.23096341391462
2712.225521559891	100.26290315111898
2751.6757501970797	100.28811008295682
2791.699795623158	100.30903080511231
2832.3060041955137	100.32434167876838
2873.502843672097	100.33282566743837
2915.2989049772345	100.33585220307728
2957.7029039931244	100.33459580058326
3000.723683377391	100.32311687856937
3044.370214407075	100.30760214451891
3088.6515988494466	100.28047412454417
3133.57707086003	100.243598629341
3179.1559989082334	100.19541417660619
3225.3978877309914	100.13737447226801
3272.3123803148205	100.06843280810774
3319.9092599067053	99.98640895140558
3368.198452054235	99.88917985530041
3417.190026675413	99.77858957517854
3466.8942001585724	99.66071754067595
3517.3213374928373	99.53745548644096
3568.4819544295697	99.41655478960645
3620.386719675257	99.31114376270092
3673.0464571162966	99.2269518504153
3726.472148076138	99.15110416563877
3780.6749336052594	99.06716663205505
3835.6661168044484	98.97094700483416
3891.45716518188	98.85399457772428
3948.059713044477	98.72417026641476
4005.4855639240527	98.57768621145216
4063.746693038744	98.41826579365717
4122.855249790247	98.25661660762384
4182.823560297375	98.0927820759669
4243.664129966465	97.93122081236162
4305.389646099183	97.76551601657154
4368.012980538242	97.59761827190121
4431.5471923516225	97.42164185825787
4496.00553055582	97.24499253690946
4561.401436878714	97.05951363258048
4627.748548562617	96.87312313780473
4695.060701208099	96.68079451237348
4763.351931659176	96.47817866069431
4832.63648093046	96.26741068939116
4902.928797176889	96.03436749276432
4974.243538706657	95.79386378981509
5046.595577037959	95.54204043976178
5120.000000000202	95.2856692857136
5194.472114880326	95.04195923222622
5270.027451614888	94.81789108396609
5346.6817660285715	94.6092437104409
5424.451043119808	94.416440956606
5503.351500394186	94.23463272586055
5583.399591246343	94.06171039823215
5664.612008391055	93.90179220082415
5747.005687344222	93.74668063665983
5830.597809954497	93.59746789223861
5915.405807986278	93.45848194900569
6001.447366754812	93.33147144983612
6088.740428814181	93.20334428639293
6177.303197698925	93.08665618214967
6267.154141720092	92.97586680085898
6358.3119978165005	92.88249308207553
6450.795775462017	92.81614646926556
6544.624760629676	92.78679730565676
6639.818519813445	92.80304232427513
6736.396904108505	92.86945112468214
6834.380053350861	92.99810702284869
6933.788400317181	93.19899552954651
7034.642674985712	93.48126657661251
7136.963908859177	93.86075637199633
7240.773439350552	94.3051645891103
7346.092914232631	94.81010488721522
7452.944296152315	95.3772096320198
7561.349867210557	95.9844816546133
7671.332233608935	96.59376245211288
7782.914330363799	97.15213664128831
7896.119426088994	97.57824862167523
8010.971127848146	97.74015068659216
8127.49338607753	97.54574654360177
8245.710499580537	97.00049829780392
8365.647120594791	96.1979626914068
8487.328259932974	95.25940000701647
8610.77929219841	94.25546384105238
8736.025961076528	93.22132610261922
8863.094384703289	92.21196757079815
8992.011061111683	91.26012074442637
9122.802873757471	90.35532878525187
9255.497097125279	89.55254214965241
9390.121402416245	88.82903231118947
9526.7038633184	88.18499422843972
9665.272961860968	87.60088089191386
9805.857594353829	87.08066187294284
9948.487077413367	86.59883145973984
10093.19115407597	86.15722449517132
10240.000000000457	85.74437679999876
10388.944229760706	85.3819391181976
10540.05490322983	85.08399463085188
10693.363532057198	84.89583716216951
10848.902086239672	84.93862779996536
11006.703000788428	85.29955939591069
11166.799182492743	85.95553874085134
11329.224016782166	86.75364232390554
11494.0113746885	87.54996589086564
11661.195619909053	88.17920309073645
11830.811615972614	88.67097172910746
12002.894733509682	88.9601004883281
12177.48085762842	89.07939548130467
12354.606395397908	88.90212455622138
12534.308283440243	88.56506425113768
12716.62399563306	88.03764852561788
12901.591550924093	87.4157143026268
13089.249521259411	86.7584417253617
13279.637039626952	86.08578997591243
13472.793808217073	85.42428763794094
13668.760106701786	84.77981170793704
13867.576800634426	84.14504817077001
14069.285349971487	83.54251009748029
14273.927817718419	82.96749409519845
14481.54687870117	82.55314200109306
14692.18582846533	82.25394665695701
14905.888592304698	82.09322537571609
15122.699734421185	82.00501333049812
15342.664467217943	81.98002488587771
15565.828660727671	81.9566053418841
15792.238852178061	81.72535733434904
16021.942255696367	81.1852599469505
16254.986772155136	80.20229208845569
16491.42099916115	78.88911842266305
16731.294241189662	77.67354325287405
16974.65651986603	76.41806310533237
17221.558584396902	75.27288674147077
17472.051922153143	74.00303826757197
17726.188769406665	72.65329710255115
17984.022122223458	71.66300787982559
18245.605747515034	71.10921953990672
18510.99419425065	70.79779402276586
18780.242804832582	70.47843091340067
19053.40772663689	69.94564550013833
19330.545923722028	68.7098610127379
19611.71518870775	66.97365058443583
19896.974154826825	66.017946
20186.382308152035	66.017946