20	102.707678
20.290906698750476	102.70732212295226
20.586044732869844	102.70548889475529
20.885475648548283	102.69899868437405
21.189261887185914	102.69085138464254
21.49746679841394	102.6812564665919
21.810154653305165	102.67029057034713
22.12739065777668	102.65579442087474
22.449240966187475	102.639095705209
22.77577269513385	102.62013173772921
23.107053937445478	102.60148803561087
23.44315377638505	102.58565563678721
23.784142300054445	102.57464904123162
24.130090616010463	102.5672898034015
24.481070866093134	102.56260391373041
24.837156241469714	102.55780897199988
25.1984209978975	102.55129818662469
25.56494047120865	102.54361564116529
25.936791093020236	102.53537060826517
26.3140504066728	102.52648543276358
26.69679708340074	102.51441793848504
27.08511093873791	102.49776816529106
27.47907294916184	102.47573697133464
27.878765268980047	102.45318758930816
28.284271247461966	102.43596395951116
28.695675446220072	102.4245409359528
29.11306365684382	102.41702895099671
29.536522918790062	102.40843970888615
29.966141537533712	102.39299148259336
30.402009102982383	102.37264014146808
30.844216508158908	102.35186648895372
31.29285596815558	102.33236492456359
31.74802103936409	102.31214410608783
32.20980663898519	102.28944878653544
32.67830906482211	102.2648558072203
33.153626015361866	102.24043839393048
33.63585661014871	102.21604674066823
34.125101410453844	102.18819981218338
34.62146244024586	102.15434736884089
35.12504320746613	102.11663404893167
35.635948725613716	102.07979673641236
36.15428553564419	102.0460610052611
36.68016172818701	102.01348378276865
37.21368696608603	101.9784454961326
37.754972507267915	101.93828240515838
38.30413122794313	101.89431643257329
38.86127764614443	101.84818737716597
39.4265279456077	101.80293408818719
40.000000000000206	101.75989299999999
40.58181339750116	101.71699478551919
41.1720894657399	101.67236119479416
41.77095129709678	101.6255558133498
42.37852377437204	101.57452730752134
42.9949335968281	101.51935730363631
43.62030930661056	101.46340659632683
44.25478131555359	101.41109931971808
44.89848193237519	101.3596378824759
45.55154539026795	101.30565471259412
46.21410787489121	101.24954748611144
46.88630755277036	101.19403695317011
47.56828460010916	101.13783521809172
48.260181232021196	101.08031831903199
48.962141732186545	101.02392809700606
49.674312482939705	100.96758264151669
50.39684199579528	100.90956387531241
51.129880942417586	100.85073000926518
51.873582186040764	100.79156423203236
52.628100813345895	100.73074286926857
53.393594166801776	100.66923006007163
54.17022187747612	100.60860767032172
54.95814589832399	100.54777894877577
55.75753053796041	100.48492962875886
56.56854249492426	100.42090329152299
57.39135089244048	100.35496177145896
58.226127313687975	100.28855526313924
59.073045837580466	100.22577332798775
59.932283075067765	100.16344511801768
60.804018205965114	100.0932927159512
61.68843301631817	100.02794156422426
62.58571193631152	99.96527827476055
63.49604207872855	99.90384972129334
64.41961327797075	99.8468637307026
65.35661812964459	99.79052140697306
66.3072520307241	99.73090672147643
67.27171322029778	99.67126324006293
68.25020282090806	99.61028874588818
69.2429248804921	99.54919988411197
70.25008641493265	99.48656811393168
71.27189745122783	99.41909719238939
72.30857107128878	99.34940106314906
73.36032345637442	99.28165912456227
74.42737393217246	99.21298814706243
75.50994501453623	99.14241596498037
76.60826245588666	99.07159384799834
77.72255529228926	99.0001495286258
78.85305589121582	98.92555385426812
80.00000000000082	98.85031699999993
81.16362679500274	98.7764546348423
82.34417893148023	98.70243676327719
83.541902594194	98.6205001767753
84.75704754874454	98.54025045329233
85.98986719365665	98.46251962474788
87.24061861322157	98.38391064300454
88.50956263110764	98.30593749002728
89.79696386475084	98.22764976274193
91.10309078053635	98.14621441320891
92.42821574978288	98.06951975051787
93.77261510554118	97.99190452084966
95.13656920021877	97.9180116518837
96.52036246404286	97.8464580841232
97.92428346437356	97.77293077808508
99.34862496587989	97.70090115786068
100.79368399159105	97.63020507962206
102.25976188483567	97.55997539997148
103.74716437208203	97.49040009946745
105.25620162669229	97.41849836654673
106.78718833360406	97.34799387897915
108.34044375495276	97.27613029532472
109.9162917966485	97.20342423912716
111.51506107592134	97.12987414519964
113.13708498984903	97.05342940941645
114.78270178488147	96.9788386481414
116.45225462737648	96.90510432272073
118.14609167516147	96.82755094270107
119.86456615013608	96.75458446036558
121.60803641193078	96.67505214828121
123.3768660326369	96.59821371626836
125.17142387262359	96.52258613554888
126.99208415745765	96.44794198401287
128.83922655594208	96.3736327864053
130.71323625928977	96.29991138640098
132.61450406144883	96.22805504806976
134.5434264405962	96.1564600425521
136.50040564181674	96.08721569608716
138.48584976098482	96.0203799781049
140.50017282986593	95.95315978779689
142.5437949024563	95.89152823333171
144.61714214257822	95.82916921861802
146.7206469127495	95.76670432103201
148.8547478643456	95.70069862676692
151.01989002907314	95.63346649673787
153.216524911774	95.56761842241816
155.4451105845792	95.50227373778017
157.70611178243232	95.4351912779554
160.00000000000236	95.36821799999994
162.3272535900062	95.29888166834222
164.6883578629612	95.23203993978426
167.08380518838874	95.16189677298894
169.51409509748981	95.09310957316562
171.97973438731407	95.02714028499325
174.4812372264439	94.96141380759126
177.01912526221608	94.89313758735055
179.5939277295025	94.83047767410224
182.20618156107355	94.7656549847598
184.85643149956664	94.70317669892654
187.54523021108326	94.64139924797094
190.27313840043846	94.5754519497812
193.04072492808663	94.50867195551875
195.84856692874806	94.43678797502773
198.69724993176072	94.36116192567283
201.58736798318304	94.28319610690743
204.5195237696723	94.20238062251832
207.49432874416505	94.12368551968297
210.5124032533856	94.0463863193409
213.57437666720915	93.97178054171911
216.68088750990657	93.90223066715129
219.83258359329807	93.83254199353102
223.03012215184378	93.76713313917533
226.2741699796992	93.70740291426682
229.5654035697641	93.64861225347867
232.90450925475412	93.59254202435574
236.2921833503241	93.53839799531714
239.72913230027333	93.4879229630382
243.21607282386276	93.43962228527916
246.75373206527502	93.39324357262424
250.34284774524843	93.34676403040527
253.9841683149166	93.31284148797825
257.67845311188546	93.28688781219357
261.42647251858085	93.26462825343653
265.22900812289896	93.24057803446091
269.08685288119375	93.2114874773994
273.0008112836349	93.18595748458112
276.97169952197106	93.15198225688978
281.00034565973334	93.11068577935255
285.0875898049141	93.06784317320307
289.23428428515797	93.02297096289344
293.44129382550057	92.97695809579105
297.7094957286928	92.93296470741409
302.0397800581479	92.88659118780642
306.4330498235497	92.84308223502526
310.89022116916016	92.79904393938658
315.41222356486645	92.76092352108842
320.00000000000654	92.71908299999997
324.6545071800142	92.68522332206825
329.3767157259242	92.65322581684075
334.16761037677935	92.63155387673433
339.02819019498156	92.61899171004286
343.95946877463007	92.61226861635929
348.9624744528898	92.60106858202688
354.03825052443415	92.58389979866067
359.187855459007	92.56300179529525
364.4123631221491	92.53254232751938
369.71286299913527	92.49642384331418
375.0904604221685	92.46679389549922
380.54627680087896	92.43916486195509
386.08144985617537	92.40383037526573
391.6971338574982	92.3706762014611
397.3944998635236	92.3382170169736
403.1747359663683	92.30579011855505
409.0390475393468	92.27315407679299
414.9886574883323	92.24396819433207
421.0248065067734	92.2153342489001
427.1487533344206	92.18609660318019
433.3617750198154	92.16108469395013
439.6651671865984	92.13573695246367
446.06024430368984	92.11418516029394
452.54833995940066	92.09564789550583
459.13080713953053	92.07634236404661
465.8090185095106	92.06023639447066
472.58436670065066	92.04396326438219
479.45826460054917	92.02900962605175
486.432145647728	92.01556581546184
493.50746413055253	92.00107024222321
500.6856954904994	91.99218886097438
507.9683366298358	91.97963358765016
515.3569062237735	91.97159310256637
522.8529450371643	91.96151763068669
530.4580162458005	91.95104005218101
538.1737057623901	91.94121511625328
546.0016225672724	91.93399376583234
553.9433990439449	91.92692789648689
562.0006913194694	91.91974407605153
570.1751796098309	91.90890702283113
578.4685685703187	91.90199614181036
586.8825876510039	91.8911215432619
595.4189914573883	91.88267453296248
604.0795601162986	91.87382449059149
612.8660996471021	91.86472305758478
621.780442338323	91.85475017030888
630.8244471297356	91.84712790833608
640.0000000000159	91.840683
649.3090143600314	91.8327247236236
658.7534314518515	91.83015047243302
668.3352207535618	91.8195081541254
678.0563803899662	91.81424625645145
687.9189375492632	91.81248058955005
697.9249489057827	91.80750444789594
708.0765010488715	91.80527739802109
718.3757109180171	91.80326367414321
728.8247262443015	91.80154057776063
739.425725998274	91.80399149041651
750.1809208443404	91.8069261894382
761.0925536017613	91.8059123168945
772.1628997123541	91.81134958158988
783.3942677149998	91.81480618446483
794.7889997270506	91.82222847624385
806.34947193274	91.83077788320124
818.0780950786972	91.84199583700732
829.9773149766683	91.85618159414793
842.0496130135506	91.87214347558105
854.2975066688449	91.89579743508766
866.7235500396347	91.92074963463132
879.3303343732008	91.94922197529272
892.1204886073838	91.98647295577099
905.0966799188055	92.02627063236413
918.2616142790653	92.07180744487904
931.6180370190256	92.12733413538623
945.1687334013056	92.18809038020797
958.9165292011028	92.25992935407923
972.8642912954606	92.33716976659063
987.0149282611097	92.42537961078513
1001.3713909810035	92.52157454087273
1015.9366732596762	92.62708819890968
1030.7138124475518	92.74466652059347
1045.7058900743334	92.87373194186243
1060.916032491606	93.00605927017531
1076.3474115247852	93.15048127970493
1092.0032451345498	93.3016318461279
1107.8867980878947	93.45779161680233
1124.0013826389438	93.62004168627776
1140.350359219667	93.78891273319336
1156.9371371406426	93.95751621919185
1173.765175302013	94.13207702120482
1190.837982914782	94.30882513550284
1208.1591202326028	94.48696224176848
1225.73219929421	94.66608150247669
1243.5608846766518	94.84706335497073
1261.648894259477	95.02659213374885
1280.0000000000375	95.20181000000034
1298.6180287200684	95.37193303534514
1317.5068629037087	95.54466658243831
1336.6704415071292	95.70884248667689
1356.112760779938	95.87125032251767
1375.8378750985323	96.02499301256131
1395.8498978115715	96.17788374240887
1416.153002097749	96.321871977685
1436.7514218360407	96.46296092543436
1457.6494524886093	96.59907527405797
1478.8514519965543	96.73189979403716
1500.3618416886875	96.86333809630099
1522.1851072035295	96.9881889983114
1544.3257994247153	97.11013035403346
1566.788535430007	97.23137823841881
1589.5779994541087	97.35033111415723
1612.6989438654878	97.47066131874693
1636.156190157402	97.5935702091565
1659.9546299533442	97.71653323272487
1684.099226027109	97.83762655404627
1708.5950133376978	97.95890930548995
1733.4471000792773	98.08424068805657
1758.6606687464096	98.20934921601312
1784.2409772147755	98.33616236012332
1810.193359837619	98.46296497762997
1836.5232285581387	98.59109859343089
1863.2360740380593	98.71946655540373
1890.3374668026197	98.8470563212532
1917.833058402214	98.9732956415696
1945.7285825909298	99.09995943301595
1974.0298565222283	99.22316944584489
2002.7427819620161	99.34836320915838
2031.8733465193618	99.47286055455929
2061.4276248951132	99.59364237579702
2091.411780148677	99.71573647198645
2121.832064983222	99.83410415974522
2152.694823049581	99.94655807433539
2184.0064902691106	100.05487928084368
2215.7735961758003	100.15629038746698
2248.002765277899	100.25290298946608
2280.7007184393456	100.34147306421553
2313.874274281297	100.42280370590846
2347.530350604038	100.4967194726631
2381.6759658295764	100.56173056563463
2416.318240465218	100.62065325261523
2451.4643985884327	100.67076198798277
2487.1217693533167	100.71433904216231
2523.2977885189675	100.74932353049488
2560.0000000000887	100.77577050000005
2597.236057440151	100.79470872690358
2635.0137258074315	100.80625550442542
2673.340883014273	100.80920899744079
2712.225521559891	100.80892598804581
2751.6757501970797	100.79784644758911
2791.699795623158	100.78185796230106
2832.3060041955137	100.7600344680931
2873.502843672097	100.73250820749287
2915.2989049772345	100.69873829818746
2957.7029039931244	100.65846986368742
3000.723683377391	100.6119221177743
3044.370214407075	100.55850528654457
3088.6515988494466	100.49323448910232
3133.57707086003	100.42127614157887
3179.1559989082334	100.33833790118233
3225.3978877309914	100.24576609231642
3272.3123803148205	100.14031088550274
3319.9092599067053	100.02303035065842
3368.198452054235	99.8977565287848
3417.190026675413	99.7660164484524
3466.8942001585724	99.63565992955782
3517.3213374928373	99.51519366694085
3568.4819544295697	99.41289768902324
3620.386719675257	99.31759373162124
3673.0464571162966	99.21280129767952
3726.472148076138	99.09157230350671
3780.6749336052594	98.96061371478122
3835.6661168044484	98.82876130393927
3891.45716518188	98.69627253056616
3948.059713044477	98.55825995317647
4005.4855639240527	98.4194525070456
4063.746693038744	98.27816154154081
4122.855249790247	98.13202806996759
4182.823560297375	97.97995626418945
4243.664129966465	97.81505919906432
4305.389646099183	97.6402813009894
4368.012980538242	97.46152143731818
4431.5471923516225	97.27567299061865
4496.00553055582	97.09232407116797
4561.401436878714	96.90483731085835
4627.748548562617	96.7075699511074
4695.060701208099	96.49488389802627
4763.351931659176	96.26317287617941
4832.63648093046	96.0088471168397
4902.928797176889	95.74788001418305
4974.243538706657	95.50055539369085
5046.595577037959	95.2762635709296
5120.000000000202	95.06703242857087
5194.472114880326	94.86776184455404
5270.027451614888	94.66863706754154
5346.6817660285715	94.46811738794158
5424.451043119808	94.26751824651375
5503.351500394186	94.06395112235118
5583.399591246343	93.86286684112945
5664.612008391055	93.66020316673291
5747.005687344222	93.45983381540938
5830.597809954497	93.26412095018392
5915.405807986278	93.07297363270682
6001.447366754812	92.8851319340962
6088.740428814181	92.72027148962145
6177.303197698925	92.57743481563584
6267.154141720092	92.4679425089301
6358.3119978165005	92.39015751730543
6450.795775462017	92.34802620205116
6544.624760629676	92.34154143793107
6639.818519813445	92.37534980646019
6736.396904108505	92.45805619483436
6834.380053350861	92.59179030159308
6933.788400317181	92.78910833171518
7034.642674985712	93.07044710533964
7136.963908859177	93.43898567546249
7240.773439350552	93.87625501399849
7346.092914232631	94.38409739009411
7452.944296152315	94.94527064695714
7561.349867210557	95.550352621489
7671.332233608935	96.16745760280452
7782.914330363799	96.74428045670264
7896.119426088994	97.20665115621269
8010.971127848146	97.43120195812686
8127.49338607753	97.3230521448512
8245.710499580537	96.88083193219603
8365.647120594791	96.16079838687097
8487.328259932974	95.30206326787255
8610.77929219841	94.34700768325078
8736.025961076528	93.34270491425207
8863.094384703289	92.35071266287427
8992.011061111683	91.35858023456937
9122.802873757471	90.40831799219028
9255.497097125279	89.52739244878221
9390.121402416245	88.70133857480612
9526.7038633184	87.97320305375119
9665.272961860968	87.36090884140951
9805.857594353829	86.90223792361527
9948.487077413367	86.61427112547875
10093.19115407597	86.4712712559593
10240.000000000457	86.42811879999998
10388.944229760706	86.47669577567902
10540.05490322983	86.5984494488247
10693.363532057198	86.77640376697198
10848.902086239672	87.0112916040829
11006.703000788428	87.28987059227
11166.799182492743	87.60172555486834
11329.224016782166	87.88907661773789
11494.0113746885	88.15356108247585
11661.195619909053	88.32950439649382
11830.811615972614	88.44554905838226
12002.894733509682	88.46113714139854
12177.48085762842	88.44881290455422
12354.606395397908	88.35500984136664
12534.308283440243	88.20835680096947
12716.62399563306	87.97567192904401
12901.591550924093	87.61862267599716
13089.249521259411	87.19904787110575
13279.637039626952	86.65149911086287
13472.793808217073	85.99120965903388
13668.760106701786	85.24678448725331
13867.576800634426	84.48469888914181
14069.285349971487	83.79078154327709
14273.927817718419	83.17532887151002
14481.54687870117	82.70355856244939
14692.18582846533	82.40166592171077
14905.888592304698	82.30391907651264
15122.699734421185	82.29873512204804
15342.664467217943	82.38186414373138
15565.828660727671	82.55179896693025
15792.238852178061	82.60673744031918
16021.942255696367	82.24790577402231
16254.986772155136	81.37764861314223
16491.42099916115	80.08047776157026
16731.294241189662	78.53049240194335
16974.65651986603	76.7762429583607
17221.558584396902	74.9773868935696
17472.051922153143	73.48439584242577
17726.188769406665	72.32456110225714
17984.022122223458	71.61391808214539
18245.605747515034	71.02126372582197
18510.99419425065	70.67033195548866
18780.242804832582	70.43980788525324
19053.40772663689	70.10679456064288
19330.545923722028	69.61572226344627
19611.71518870775	68.44615935270394
19896.974154826825	67.55175200000001
20186.382308152035	67.55175200000001